1	1	0.000000
1	2	0.000000
1	3	0.000000
1	4	0.000000
1	5	0.000000
1	6	0.000000
1	7	0.000000
1	8	0.000000
1	9	0.000000
1	10	0.000096
1	11	0.000000
1	12	0.000000
1	13	0.006019
1	14	0.000648
2	1	0.001009
2	2	0.000000
2	3	0.067484
2	4	0.000000
2	5	0.000000
2	6	0.000000
2	7	0.049198
2	8	0.000000
2	9	0.000000
2	10	0.000000
2	11	0.000000
2	12	0.000000
2	13	0.029558
2	14	0.044823
3	1	0.000000
3	2	0.012181
3	3	0.000000
3	4	0.061995
3	5	0.000000
3	6	0.000610
3	7	0.000000
3	8	0.000000
3	9	0.000000
3	10	0.000000
3	11	0.000000
3	12	0.000000
3	13	0.000000
3	14	0.000000
4	1	0.000000
4	2	0.000000
4	3	0.006985
4	4	0.000000
4	5	0.000000
4	6	0.000000
4	7	0.000536
4	8	0.000000
4	9	0.000000
4	10	0.000000
4	11	0.000000
4	12	0.000000
4	13	0.000000
4	14	0.000000
5	1	0.000000
5	2	0.000000
5	3	0.000000
5	4	0.000000
5	5	0.000000
5	6	0.001027
5	7	0.000000
5	8	0.000000
5	9	0.000000
5	10	0.016806
5	11	0.000000
5	12	0.000000
5	13	0.013209
5	14	0.000000
6	1	0.000000
6	2	0.000000
6	3	0.000000
6	4	0.000000
6	5	0.000000
6	6	0.000000
6	7	0.000000
6	8	0.000000
6	9	0.000000
6	10	0.000174
6	11	0.000000
6	12	0.002172
6	13	0.011015
6	14	0.000000
7	1	0.000000
7	2	0.002296
7	3	0.000818
7	4	0.001179
7	5	0.000000
7	6	0.005670
7	7	0.000000
7	8	0.000729
7	9	0.000000
7	10	0.000849
7	11	0.000000
7	12	0.002407
7	13	0.000000
7	14	0.000000
8	1	0.000000
8	2	0.000000
8	3	0.000000
8	4	0.000000
8	5	0.000000
8	6	0.000000
8	7	0.000000
8	8	0.000000
8	9	0.000000
8	10	0.000000
8	11	0.000000
8	12	0.002573
8	13	0.000000
8	14	0.004857
9	1	0.000000
9	2	0.000000
9	3	0.000000
9	4	0.000000
9	5	0.005952
9	6	0.000000
9	7	0.000000
9	8	0.000000
9	9	0.000000
9	10	0.001991
9	11	0.000009
9	12	0.000000
9	13	0.003075
9	14	0.000000
10	1	0.000021
10	2	0.000000
10	3	0.000000
10	4	0.000000
10	5	0.000000
10	6	0.001271
10	7	0.002025
10	8	0.000000
10	9	0.008603
10	10	0.000000
10	11	0.009056
10	12	0.000000
10	13	0.000000
10	14	0.000000
11	1	0.000000
11	2	0.000000
11	3	0.000000
11	4	0.000000
11	5	0.000000
11	6	0.000000
11	7	0.000000
11	8	0.000000
11	9	0.002363
11	10	0.000021
11	11	0.000000
11	12	0.009398
11	13	0.000000
11	14	0.000000
12	1	0.000000
12	2	0.000000
12	3	0.000000
12	4	0.000000
12	5	0.000000
12	6	0.002471
12	7	0.007144
12	8	0.008469
12	9	0.000000
12	10	0.000000
12	11	0.001744
12	12	0.000000
12	13	0.000000
12	14	0.000000
13	1	0.061232
13	2	0.362305
13	3	0.000000
13	4	0.000000
13	5	0.331479
13	6	0.134975
13	7	0.000000
13	8	0.000000
13	9	0.004099
13	10	0.000000
13	11	0.000000
13	12	0.000000
13	13	0.000000
13	14	0.000000
14	1	0.000930
14	2	0.004857
14	3	0.000000
14	4	0.000000
14	5	0.000000
14	6	0.000000
14	7	0.000000
14	8	0.044823
14	9	0.000000
14	10	0.000000
14	11	0.000000
14	12	0.000648
14	13	0.000000
14	14	0.000000
