1 2 38
1 3 38
1 4 38
1 5 38
1 7 38
1 9 38
1 11 38
1 12 38
1 13 38
1 14 38
1 15 38
1 16 38
1 18 38
1 19 38
1 20 38
1 22 38
1 23 38
1 25 38
1 27 38
1 28 38
1 29 38
1 30 38
1 34 38
1 37 38
1 38 38
2 1 22
2 3 22
2 4 22
2 5 22
2 7 22
2 9 22
2 11 22
2 12 22
2 13 22
2 14 22
2 15 22
2 16 22
2 18 22
2 19 22
2 20 22
2 22 22
2 23 22
2 25 22
2 27 22
2 28 22
2 29 22
2 30 22
2 34 22
2 37 22
2 38 22
3 1 16
3 2 16
3 4 16
3 5 5
3 7 16
3 9 16
3 11 16
3 12 16
3 13 16
3 14 16
3 15 16
3 16 16
3 18 28
3 19 16
3 20 28
3 22 16
3 23 16
3 25 16
3 27 16
3 28 28
3 29 16
3 30 16
3 34 16
3 37 5
3 38 16
4 1 16
4 2 16
4 3 16
4 5 16
4 7 16
4 9 9
4 11 16
4 12 16
4 13 16
4 14 16
4 15 16
4 16 16
4 18 16
4 19 19
4 20 16
4 22 16
4 23 16
4 25 16
4 27 27
4 28 16
4 29 16
4 30 16
4 34 16
4 37 16
4 38 16
5 1 3
5 2 3
5 3 3
5 4 3
5 7 3
5 9 3
5 11 3
5 12 3
5 13 3
5 14 3
5 15 3
5 16 3
5 18 3
5 19 3
5 20 3
5 22 3
5 23 3
5 25 3
5 27 3
5 28 3
5 29 3
5 30 3
5 34 3
5 37 37
5 38 3
7 1 23
7 2 23
7 3 23
7 4 23
7 5 23
7 9 23
7 11 23
7 12 23
7 13 23
7 14 23
7 15 23
7 16 23
7 18 23
7 19 23
7 20 23
7 22 23
7 23 23
7 25 23
7 27 23
7 28 23
7 29 23
7 30 23
7 34 23
7 37 23
7 38 23
9 1 4
9 2 4
9 3 4
9 4 4
9 5 4
9 7 4
9 11 4
9 12 4
9 13 4
9 14 4
9 15 4
9 16 4
9 18 4
9 19 4
9 20 4
9 22 4
9 23 4
9 25 4
9 27 4
9 28 4
9 29 4
9 30 4
9 34 4
9 37 4
9 38 4
11 1 14
11 2 14
11 3 14
11 4 14
11 5 14
11 7 14
11 9 14
11 12 14
11 13 14
11 14 14
11 15 14
11 16 14
11 18 14
11 19 14
11 20 14
11 22 14
11 23 14
11 25 14
11 27 14
11 28 14
11 29 14
11 30 14
11 34 14
11 37 14
11 38 14
12 1 15
12 2 15
12 3 15
12 4 15
12 5 15
12 7 15
12 9 15
12 11 15
12 13 15
12 14 15
12 15 15
12 16 15
12 18 15
12 19 15
12 20 15
12 22 15
12 23 15
12 25 15
12 27 15
12 28 15
12 29 15
12 30 15
12 34 15
12 37 15
12 38 15
13 1 16
13 2 16
13 3 16
13 4 16
13 5 16
13 7 16
13 9 16
13 11 16
13 12 16
13 14 16
13 15 16
13 16 16
13 18 16
13 19 16
13 20 16
13 22 16
13 23 16
13 25 16
13 27 16
13 28 16
13 29 29
13 30 16
13 34 16
13 37 16
13 38 16
14 1 16
14 2 16
14 3 16
14 4 16
14 5 16
14 7 16
14 9 16
14 11 11
14 12 16
14 13 16
14 15 16
14 16 16
14 18 16
14 19 16
14 20 16
14 22 16
14 23 16
14 25 16
14 27 16
14 28 16
14 29 16
14 30 16
14 34 16
14 37 16
14 38 16
15 1 16
15 2 16
15 3 16
15 4 16
15 5 16
15 7 16
15 9 16
15 11 16
15 12 12
15 13 16
15 14 16
15 16 16
15 18 16
15 19 16
15 20 16
15 22 16
15 23 16
15 25 16
15 27 16
15 28 16
15 29 16
15 30 16
15 34 16
15 37 16
15 38 16
16 1 38
16 2 22
16 3 3
16 4 4
16 5 3
16 7 38
16 9 4
16 11 14
16 12 15
16 13 13
16 14 14
16 15 15
16 18 3
16 19 4
16 20 3
16 22 22
16 23 38
16 25 38
16 27 4
16 28 3
16 29 13
16 30 30
16 34 30
16 37 3
16 38 38
18 1 28
18 2 28
18 3 28
18 4 28
18 5 28
18 7 28
18 9 28
18 11 28
18 12 28
18 13 28
18 14 28
18 15 28
18 16 28
18 19 28
18 20 20
18 22 28
18 23 28
18 25 28
18 27 28
18 28 28
18 29 28
18 30 28
18 34 28
18 37 28
18 38 28
19 1 4
19 2 4
19 3 4
19 4 4
19 5 4
19 7 4
19 9 4
19 11 4
19 12 4
19 13 4
19 14 4
19 15 4
19 16 4
19 18 4
19 20 4
19 22 4
19 23 4
19 25 4
19 27 4
19 28 4
19 29 4
19 30 4
19 34 4
19 37 4
19 38 4
20 1 18
20 2 18
20 3 18
20 4 18
20 5 18
20 7 18
20 9 18
20 11 18
20 12 18
20 13 18
20 14 18
20 15 18
20 16 18
20 18 18
20 19 18
20 22 18
20 23 18
20 25 18
20 27 18
20 28 18
20 29 18
20 30 18
20 34 18
20 37 18
20 38 18
22 1 16
22 2 2
22 3 16
22 4 16
22 5 16
22 7 16
22 9 16
22 11 16
22 12 16
22 13 16
22 14 16
22 15 16
22 16 16
22 18 16
22 19 16
22 20 16
22 23 16
22 25 16
22 27 16
22 28 16
22 29 16
22 30 16
22 34 16
22 37 16
22 38 16
23 1 38
23 2 38
23 3 38
23 4 38
23 5 38
23 7 7
23 9 38
23 11 38
23 12 38
23 13 38
23 14 38
23 15 38
23 16 38
23 18 38
23 19 38
23 20 38
23 22 38
23 25 38
23 27 38
23 28 38
23 29 38
23 30 38
23 34 38
23 37 38
23 38 38
25 1 38
25 2 38
25 3 38
25 4 38
25 5 38
25 7 38
25 9 38
25 11 38
25 12 38
25 13 38
25 14 38
25 15 38
25 16 38
25 18 38
25 19 38
25 20 38
25 22 38
25 23 38
25 27 38
25 28 38
25 29 38
25 30 38
25 34 38
25 37 38
25 38 38
27 1 4
27 2 4
27 3 4
27 4 4
27 5 4
27 7 4
27 9 4
27 11 4
27 12 4
27 13 4
27 14 4
27 15 4
27 16 4
27 18 4
27 19 4
27 20 4
27 22 4
27 23 4
27 25 4
27 28 4
27 29 4
27 30 4
27 34 4
27 37 4
27 38 4
28 1 3
28 2 3
28 3 3
28 4 3
28 5 3
28 7 3
28 9 3
28 11 3
28 12 3
28 13 3
28 14 3
28 15 3
28 16 3
28 18 18
28 19 3
28 20 18
28 22 3
28 23 3
28 25 3
28 27 3
28 29 3
28 30 3
28 34 3
28 37 3
28 38 3
29 1 13
29 2 13
29 3 13
29 4 13
29 5 13
29 7 13
29 9 13
29 11 13
29 12 13
29 13 13
29 14 13
29 15 13
29 16 13
29 18 13
29 19 13
29 20 13
29 22 13
29 23 13
29 25 13
29 27 13
29 28 13
29 30 13
29 34 13
29 37 13
29 38 13
30 1 16
30 2 16
30 3 16
30 4 16
30 5 16
30 7 16
30 9 16
30 11 16
30 12 16
30 13 16
30 14 16
30 15 16
30 16 16
30 18 16
30 19 16
30 20 16
30 22 16
30 23 16
30 25 16
30 27 16
30 28 16
30 29 16
30 34 34
30 37 16
30 38 16
34 1 30
34 2 30
34 3 30
34 4 30
34 5 30
34 7 30
34 9 30
34 11 30
34 12 30
34 13 30
34 14 30
34 15 30
34 16 30
34 18 30
34 19 30
34 20 30
34 22 30
34 23 30
34 25 30
34 27 30
34 28 30
34 29 30
34 30 30
34 37 30
34 38 30
37 1 5
37 2 5
37 3 5
37 4 5
37 5 5
37 7 5
37 9 5
37 11 5
37 12 5
37 13 5
37 14 5
37 15 5
37 16 5
37 18 5
37 19 5
37 20 5
37 22 5
37 23 5
37 25 5
37 27 5
37 28 5
37 29 5
37 30 5
37 34 5
37 38 5
38 1 1
38 2 16
38 3 16
38 4 16
38 5 16
38 7 23
38 9 16
38 11 16
38 12 16
38 13 16
38 14 16
38 15 16
38 16 16
38 18 16
38 19 16
38 20 16
38 22 16
38 23 23
38 25 25
38 27 16
38 28 16
38 29 16
38 30 16
38 34 16
38 37 16
