TRAFFICENTRY 1 9 0.00066552561226699
TRAFFICENTRY 1 10 1.57395584830495e-08
TRAFFICENTRY 1 11 1.2999358241121e-06
TRAFFICENTRY 1 12 0.000647783147558664
TRAFFICENTRY 1 13 0.00535336157687622
TRAFFICENTRY 1 14 1.13400674371851e-07
TRAFFICENTRY 2 9 0.00123419813585839
TRAFFICENTRY 2 10 9.45101700604357e-05
TRAFFICENTRY 2 11 8.94537894894474e-06
TRAFFICENTRY 2 12 0.000808967983685645
TRAFFICENTRY 2 13 0.0112764915678074
TRAFFICENTRY 3 9 0.00127092080139816
TRAFFICENTRY 3 10 9.2920285020413e-08
TRAFFICENTRY 3 11 1.9968379617652e-07
TRAFFICENTRY 3 12 0.000609473062210921
TRAFFICENTRY 3 13 0.00392556137231251
TRAFFICENTRY 4 9 0.000532310350830858
TRAFFICENTRY 4 11 5.69316897323028e-06
TRAFFICENTRY 4 12 0.00053035466328103
TRAFFICENTRY 4 13 0.00645235899133079
TRAFFICENTRY 5 9 0.00774993577800278
TRAFFICENTRY 5 10 7.32363552548643e-07
TRAFFICENTRY 5 11 0.00905508196487248
TRAFFICENTRY 5 12 0.00102697584970143
TRAFFICENTRY 5 13 0.0132090984773688
TRAFFICENTRY 6 9 0.000386907171765038
TRAFFICENTRY 6 10 0.000173970477712555
TRAFFICENTRY 6 11 1.27812800211752e-06
TRAFFICENTRY 6 12 0.000534508958554382
TRAFFICENTRY 6 13 0.00305770449427886
TRAFFICENTRY 7 9 0.000849228826119112
TRAFFICENTRY 7 10 5.91655692374875e-08
TRAFFICENTRY 7 11 1.41680678667962e-05
TRAFFICENTRY 7 12 0.00104754062584232
TRAFFICENTRY 7 13 0.00567001608270172
TRAFFICENTRY 8 9 0.000807021588164319
TRAFFICENTRY 8 11 0.000915932695703807
TRAFFICENTRY 8 12 0.000850032491767921
TRAFFICENTRY 8 13 0.00485741927743617
TRAFFICENTRY 9 1 0.000631480947268154
TRAFFICENTRY 10 1 6.58027324532312e-08
TRAFFICENTRY 11 1 2.06840554455439e-05
TRAFFICENTRY 12 1 0.000914943568751426
TRAFFICENTRY 13 1 0.0606009301191201
TRAFFICENTRY 14 1 0.000930473013610389
TRAFFICENTRY 9 2 0.00119909342107738
TRAFFICENTRY 10 2 3.3391568138407e-05
TRAFFICENTRY 11 2 6.14115852696952e-05
TRAFFICENTRY 12 2 0.0012865014472305
TRAFFICENTRY 13 2 0.200409481605074
TRAFFICENTRY 9 3 0.000900432264729759
TRAFFICENTRY 10 3 2.11630689964859e-07
TRAFFICENTRY 11 3 5.15157645482559e-06
TRAFFICENTRY 12 3 0.000812752114884793
TRAFFICENTRY 13 3 0.00458802857976969
TRAFFICENTRY 9 4 0.000494301023793406
TRAFFICENTRY 11 4 1.01214842707745e-05
TRAFFICENTRY 12 4 0.00067476511236301
TRAFFICENTRY 13 4 0.0619954227630684
TRAFFICENTRY 9 5 0.0043926043253118
TRAFFICENTRY 10 5 3.88956727766059e-06
TRAFFICENTRY 11 5 0.00155550339676578
TRAFFICENTRY 12 5 0.00190031407638511
TRAFFICENTRY 13 5 0.329578275500725
TRAFFICENTRY 9 6 0.000343712323923742
TRAFFICENTRY 10 6 0.00127103477097223
TRAFFICENTRY 11 6 3.01114820771864e-05
TRAFFICENTRY 12 6 0.000540299978276735
TRAFFICENTRY 13 6 0.134631763671837
TRAFFICENTRY 9 7 0.000767780782900495
TRAFFICENTRY 10 7 2.16181887598512e-07
TRAFFICENTRY 11 7 0.00201555172790184
TRAFFICENTRY 12 7 0.00136275581541618
TRAFFICENTRY 13 7 0.0483894936067608
TRAFFICENTRY 9 8 0.00072916785327688
TRAFFICENTRY 11 8 0.00727587146485418
TRAFFICENTRY 12 8 0.00119341712946204
TRAFFICENTRY 13 8 0.0448228025117241
