map31 	 31 	 0.0 	 0.0 	 0.0
map15 	 15 	 0 	 0.0 	 32.8125
map13 	 13 	 4.94791666666667 	 0.0 	 100.0
map16 	 16 	 0 	 0.0 	 100.0
map4 	 4 	 0 	 0.0 	 19.53125
map30 	 30 	 97.265625 	 19.7916666666667 	 100.0
map3 	 3 	 0 	 0.0 	 97.1354166666667
map14 	 14 	 99.21875 	 80.7291666666667 	 100.0
map19 	 19 	 0.0 	 0.0 	 0.0
map12 	 12 	 0.0 	 0.0 	 0.0
map2 	 2 	 0 	 0.0 	 77.6041666666667
map27 	 27 	 0.130208333333334 	 0.0 	 90.625
map34 	 34 	 96.09375 	 8.33333333333333 	 100.0
map1 	 1 	 0 	 0.0 	 100.0
map18 	 18 	 0 	 0.0 	 0.260416666666667
map5 	 5 	 95.8333333333333 	 78.6458333333333 	 100.0
map22 	 22 	 45.4427083333333 	 16.40625 	 100.0
map7 	 7 	 0 	 0.0 	 83.3333333333333
map28 	 28 	 0 	 0.0 	 100.0
map37 	 37 	 74.0885416666667 	 17.7083333333333 	 100.0
map38 	 38 	 0.0 	 0.0 	 32.03125
map29 	 29 	 45.0520833333333 	 0.0 	 100.0
map25 	 25 	 0 	 0.0 	 0.0
